world: world
x: 724.2094550737385
y: 41.0
z: 940.749761226257
yaw: -116.7958
pitch: 46.95012
name: Nyanners
lastowner: 91271f2f-553b-322a-beb1-94d6028ed57d
