world: world
x: 748.4553571192724
y: 69.0
z: 894.5437665760734
yaw: -217.89
pitch: -5.5499964
name: Random1
lastowner: 91271f2f-553b-322a-beb1-94d6028ed57d
