lastAccountName: Nyanners
timestamps:
  login: 1600457242580
  logout: 1600458734304
ipAddress: 70.160.74.147
lastlocation:
  world: world
  x: 725.2475295554185
  y: 41.0
  z: 939.8434965357345
  yaw: -100.5957
  pitch: 26.699993
logoutlocation:
  world: world
  x: 147.47453775739567
  y: 69.0
  z: 536.500564774818
  yaw: 133.62874
  pitch: 13.650034
