lastAccountName: AMROtheProtogen
timestamps:
  login: 1600623298460
  logout: 1600625309170
ipAddress: 89.1.215.145
lastlocation:
  world: world
  x: 148.9899067703367
  y: 64.0
  z: 545.6709984446527
  yaw: -207.16937
  pitch: 22.500006
logoutlocation:
  world: world
  x: 780.5325162342954
  y: 33.0
  z: 1251.0440701162486
  yaw: -34.233643
  pitch: 14.699994
