lastAccountName: Albertisfatx2
timestamps:
  login: 1600447953003
  logout: 1600447983149
ipAddress: 174.108.235.147
lastlocation:
  world: world
  x: 154.23455309355273
  y: 67.0
  z: 127.98865026899995
  yaw: -68.10002
  pitch: 42.449955
logoutlocation:
  world: world
  x: 165.5
  y: 63.0
  z: 572.5
  yaw: 176.17403
  pitch: 6.75024
