lastAccountName: FoxLtd
timestamps:
  login: 1600453556323
  logout: 1600457081027
ipAddress: 70.160.74.147
lastlocation:
  world: world
  x: 153.51249998807907
  y: 64.0
  z: 548.3000000119209
  yaw: 267.13583
  pitch: 36.44985
logoutlocation:
  world: world
  x: 748.5043249490873
  y: 69.0
  z: 892.5590474508098
  yaw: -2.147461
  pitch: 35.850075
