lastAccountName: HyenaLtd
timestamps:
  login: 1602894882739
  lastteleport: 1602894890422
  logout: 1602895021023
ipAddress: 70.160.74.147
lastlocation:
  world: world
  x: 731.4118275382401
  y: 40.0
  z: 941.9951401235003
  yaw: -281.44543
  pitch: 13.781031
logoutlocation:
  world: world
  x: 146.9208433932648
  y: 64.0
  z: 530.9042148155096
  yaw: -178.85608
  pitch: 12.450278
