lastAccountName: Holzpuppen
timestamps:
  login: 1602894874856
  logout: 1602895026238
ipAddress: 174.108.235.147
lastlocation:
  world: world
  x: 135.55851955330664
  y: 60.125
  z: 548.9960105664427
  yaw: 218.08084
  pitch: -2.5499892
logoutlocation:
  world: world
  x: 147.3047286611201
  y: 64.0
  z: 530.763297703918
  yaw: -185.75232
  pitch: 48.45023
