lastAccountName: Diamond200512
timestamps:
  login: 1600130289184
  logout: 1600130320283
ipAddress: 174.80.126.140
lastlocation:
  world: world
  x: 167.25573578258025
  y: 62.0
  z: 223.01763716745825
  yaw: -43.888123
  pitch: 34.792534
logoutlocation:
  world: world
  x: 151.61360602286382
  y: 64.0
  z: 548.4736725103871
  yaw: 267.0918
  pitch: 6.608269
