lastAccountName: Wolffe_Pack
timestamps:
  login: 1600098434344
  logout: 1600104346762
  lastteleport: 1600099532837
ipAddress: 50.83.148.69
lastlocation:
  world: world_nether
  x: -323.16076728081214
  y: 31.951053198137913
  z: 18.554113125192377
  yaw: -188.8645
  pitch: -3.5907185
logoutlocation:
  world: world
  x: 144.18874904975226
  y: 60.0
  z: 541.7403713633557
  yaw: -41.338867
  pitch: 13.617963
