lastAccountName: Le_Major_Oof
timestamps:
  login: 1600129231920
  logout: 1600129879266
  lastteleport: 1600127200680
ipAddress: 24.210.215.8
lastlocation:
  world: world
  x: 59.98466837746979
  y: 104.80868704277303
  z: 376.574914449157
  yaw: -32.674187
  pitch: 26.4402
logoutlocation:
  world: world
  x: 150.78387709831344
  y: 64.0
  z: 548.418991329401
  yaw: 343.88593
  pitch: -8.397501
