lastAccountName: Scar_The_Folf
timestamps:
  login: 1600107070691
  logout: 1600107383651
ipAddress: 96.4.24.14
lastlocation:
  world: world
  x: 159.9976505439199
  y: 64.53584062504456
  z: 117.14398056555765
  yaw: -189.74944
  pitch: 21.149939
logoutlocation:
  world: world
  x: 165.31021823596316
  y: 63.0
  z: 559.394201187382
  yaw: 16.393793
  pitch: 15.900103
