lastAccountName: RealFact346
timestamps:
  login: 1600693131732
  logout: 1600693182707
ipAddress: 1.2.178.70
lastlocation:
  world: world
  x: 148.5
  y: 65.0
  z: 556.5
  yaw: 0.7584245
  pitch: 0.0
logoutlocation:
  world: world
  x: 147.3928351185413
  y: 64.0
  z: 530.7991055512296
  yaw: -174.61896
  pitch: 47.549973
