spawns: 
  default: 
    world: world
    x: 148.5105856106511
    y: 64.0
    z: 556.4870029040881
    yaw: -180.01935
    pitch: 12.899967
